ID	1	2	3	4	6	8	9	10	11	13	14	15	16	17	18	20	21	22	23	24	25	27	28	29	30	31	32	33	34	35	36	37	38	39	40	41	43	44	45	46	47	48	50	51	52	53	54	55	56	57	58	59	60	61	62	63	64	65	66	67	69	70	71	73	74	75	77	78	79	80	81	82	84	85	86	88	89	90	91	92	93	94	95	96	97	98	99	100	101	102	103	104	105	106	107	108	109	110	111	112	113	114	115	116	117	118	120	121	123	124	125	126	127	129	130	131	132	133	134	135	136	137	138	139	140	141	142	143	144	145	147	148	149	150	151	152	153	154	155	156	157	158	159	160	161	162	163	164	165	166	167	168	169	170	172	173	175	176	177	179	180	181	182	183	184	186	187	188	189	190	191	192	193	194	195	196	197	198	199	200	202	203	204	205	206	207	209	210	211	212	213	214	215	216	217	218	219	220	221	222	223	224	225	228	229	230	232	233	234	236	237	238	239	240	241	244	245	246	247	249	250	251	252	253	254	255	256	257	258	259	260	261	262	263	264	265	266	267	268	269	270	271	272	273	274	275	276	277	278	279	280	282	283	284	286	287	288	289	290	291	292	293	294	295	296	297	298	299	300	301	
1	0.0	0.476	0.03	0.261	0.014	0.411	0.381	0.007	0.531	0.305	0.372	0.496	0.519	0.781	0.797	0.929	0.294	0.658	1.275	0.704	0.147	1.713	0.737	0.831	1.632	1.491	0.509	1.344	1.84	1.485	1.83	0.856	6.575	5.019	4.751	5.791	3.789	3.739	3.021	3.709	1.646	1.55	2.997	0.788	1.807	1.478	0.81	0.869	0.166	2.217	3.597	2.928	3.395	4.739	5.099	5.319	6.095	6.389	7.015	7.409	6.149	4.994	6.472	3.281	3.34	4.974	1.452	2.317	3.228	0.797	0.194	0.756	0.44	2.132	1.154	2.759	4.099	1.761	1.852	5.603	5.956	3.734	0.343	0.156	0.625	1.32	2.545	4.6	1.298	1.37	3.475	3.101	2.146	3.496	4.488	3.95	3.776	5.173	5.525	4.383	5.421	6.821	6.577	6.171	7.202	8.656	7.851	7.297	6.85	7.889	4.197	5.593	5.646	3.654	4.49	4.182	2.225	2.554	3.131	1.446	0.632	1.374	0.875	0.415	0.261	0.646	1.01	0.774	0.726	0.515	1.185	0.77	0.747	2.276	1.247	3.131	6.04	4.287	0.583	1.971	4.678	2.161	3.81	0.719	1.199	1.917	0.996	0.669	1.766	1.394	0.449	1.151	1.687	1.208	1.506	1.657	1.235	1.824	1.407	1.14	1.362	1.108	1.112	1.481	1.319	1.674	2.055	1.747	1.717	2.312	2.567	2.794	2.682	2.332	2.731	7.344	0.665	3.537	2.838	3.291	1.326	2.955	2.939	2.685	2.47	0.047	0.185	0.549	4.003	3.852	2.392	3.643	5.935	5.056	3.915	5.29	6.334	5.162	5.56	6.482	5.924	6.04	5.67	3.963	3.154	1.059	2.445	0.401	0.662	0.751	1.023	0.833	0.291	1.608	3.201	1.129	3.293	2.319	1.454	5.218	3.226	4.345	7.627	7.33	7.223	6.811	8.522	7.802	8.179	6.849	6.769	7.474	6.556	4.865	5.917	6.025	4.462	3.732	4.221	4.312	3.407	2.626	3.672	2.993	1.63	2.565	3.125	1.711	0.52	0.264	0.0	0.804	0.053	0.524	0.682	1.602	0.827	0.583	2.645	3.197	1.958	3.223	4.905	4.083	4.175	5.886	6.309	7.86	10.025	2.027	
2	0.476	0.0	0.219	0.242	0.0	0.149	0.197	0.344	0.129	0.621	0.273	0.214	0.086	0.259	1.391	0.242	1.011	0.259	0.371	0.11	0.774	0.694	0.231	0.276	0.463	0.44	0.603	0.092	0.546	0.216	0.647	0.223	5.617	3.486	2.716	4.147	1.551	1.309	0.694	1.459	0.654	0.966	0.579	1.677	0.976	1.28	3.294	3.459	3.076	4.791	5.905	5.333	5.904	6.902	7.056	7.256	7.972	7.976	8.782	9.102	8.223	7.171	8.413	5.719	5.588	6.99	3.686	4.337	5.1	2.758	1.781	2.492	1.105	0.429	0.482	1.521	2.605	0.357	0.777	4.436	4.544	2.557	1.182	1.439	0.982	2.931	4.019	6.45	3.193	2.946	5.21	5.065	3.889	5.12	6.336	5.819	5.377	6.814	7.362	6.105	6.878	8.404	8.376	7.662	8.573	10.154	9.107	8.633	8.508	9.377	5.953	7.378	7.412	5.681	6.466	6.172	4.364	4.699	5.205	3.601	2.86	3.489	2.97	1.822	1.918	1.404	1.061	1.391	1.378	1.487	1.109	0.894	1.266	4.545	3.533	0.518	3.634	1.739	1.736	0.187	3.103	0.311	2.51	1.981	0.105	0.587	0.179	0.532	0.536	0.24	0.596	0.067	0.529	0.102	0.568	0.636	0.633	1.101	0.674	0.598	0.641	0.478	0.751	1.063	0.593	1.561	1.547	0.835	1.983	2.421	1.79	1.845	3.212	2.19	2.89	5.851	0.744	1.272	4.791	4.183	1.592	5.255	5.09	5.202	4.718	2.201	2.412	1.669	1.747	1.412	0.226	1.752	4.062	2.936	2.079	3.763	4.556	3.369	4.095	5.112	4.346	4.647	3.939	2.05	1.397	0.79	0.358	1.552	2.74	1.451	3.091	3.028	2.053	3.84	5.28	3.398	5.286	4.428	3.711	7.163	5.287	6.406	9.341	8.712	8.727	7.783	9.774	9.193	9.255	7.803	8.221	8.931	7.7	6.2	7.64	7.432	5.676	5.222	5.867	5.664	4.702	4.279	5.257	4.321	3.032	4.23	4.63	3.05	1.764	0.914	1.49	0.166	1.037	1.784	1.663	2.774	2.18	1.741	3.683	4.492	3.363	4.335	6.036	5.506	5.561	6.935	7.37	9.344	11.652	4.132	
3	0.03	0.219	0.0	0.144	0.072	0.309	0.123	0.347	0.267	0.751	0.264	0.37	0.125	0.368	1.461	0.035	1.234	0.505	0.064	0.41	1.046	0.3	0.634	0.667	0.054	0.029	1.047	0.384	0.057	0.37	0.04	1.325	5.249	2.471	2.618	4.268	0.947	1.524	0.982	1.57	0.534	0.915	0.42	1.87	1.406	1.982	3.692	3.905	3.884	5.735	6.393	6.002	6.939	7.578	7.714	8.097	8.62	8.522	9.245	9.051	8.614	7.357	8.198	6.105	5.525	6.782	3.973	4.251	5.2	3.218	1.824	2.414	1.718	0.149	0.416	1.054	2.661	0.439	0.462	4.306	4.846	2.866	0.836	1.08	0.281	2.174	3.439	5.787	2.315	2.201	4.562	4.371	3.171	4.447	5.709	5.164	4.706	6.197	6.761	5.453	6.248	7.776	7.754	7.0	7.938	9.525	8.444	8.349	8.177	9.158	5.785	6.939	7.053	5.319	5.988	5.896	4.095	4.157	4.722	3.327	2.421	2.904	2.525	1.395	1.314	0.857	0.502	0.804	0.831	0.943	0.659	0.399	0.921	4.163	3.15	0.871	4.006	2.144	1.412	0.039	3.338	0.352	2.615	2.149	0.243	0.434	0.309	0.702	0.22	0.007	0.859	0.245	0.148	0.142	0.158	0.262	0.189	0.513	0.385	0.123	0.18	0.23	0.353	0.589	0.376	0.962	1.168	1.23	1.561	1.782	1.945	2.015	2.564	2.05	2.242	5.454	0.69	0.74	5.322	5.344	2.025	6.095	6.106	6.108	5.186	3.079	3.196	2.167	0.83	0.96	0.008	1.307	3.738	2.982	2.131	3.651	4.709	3.571	4.204	5.324	4.638	4.843	4.277	2.364	1.478	0.445	0.448	1.509	2.32	1.457	2.972	2.745	1.952	3.919	5.074	3.623	5.276	4.328	3.876	7.078	5.207	6.836	9.656	8.837	8.42	7.518	9.388	8.709	8.797	7.217	7.572	8.364	7.12	5.613	7.071	6.865	5.102	4.666	5.306	5.044	4.067	3.691	4.543	3.645	2.337	3.543	3.87	2.444	1.44	0.611	1.139	0.173	0.957	1.553	1.783	2.67	2.06	2.017	3.818	4.417	3.594	4.758	6.098	5.542	5.89	7.169	7.428	9.264	11.307	4.151	
4	0.261	0.242	0.144	0.0	0.084	0.012	0.296	0.214	0.459	0.293	0.524	0.28	0.275	0.934	0.805	0.781	0.295	0.503	0.94	0.533	0.067	1.335	0.535	0.606	1.192	1.096	0.253	0.937	1.304	1.009	1.253	0.152	6.307	4.504	4.735	5.798	3.505	3.793	3.093	3.982	1.756	1.274	3.046	0.401	1.017	0.649	1.536	1.989	1.812	3.89	4.918	4.767	5.819	6.609	6.997	7.671	8.352	8.436	8.713	8.274	7.473	6.125	6.758	4.141	3.694	4.839	1.701	2.115	2.899	0.712	0.552	0.107	0.749	2.541	1.936	3.397	4.983	2.84	2.81	6.557	7.172	4.909	1.396	0.77	1.807	0.277	1.785	3.817	0.125	0.357	2.772	2.332	1.15	2.702	3.947	3.213	2.923	4.628	5.101	3.661	4.756	6.418	6.159	5.459	6.672	8.367	7.212	7.449	7.118	8.454	5.064	5.999	5.951	4.23	4.691	4.503	2.778	2.776	3.146	1.727	0.909	1.333	0.771	0.372	0.29	0.838	1.339	0.96	0.895	0.906	1.443	0.991	0.747	2.089	1.167	3.02	5.805	4.152	0.603	1.9	4.569	2.032	3.646	0.868	0.865	1.577	0.836	0.416	1.283	1.061	0.227	0.723	1.108	0.874	0.9	1.064	0.702	0.983	0.81	0.451	0.462	0.6	0.613	0.637	0.471	0.897	1.0	1.329	1.255	1.296	1.783	1.747	1.746	1.313	1.758	5.677	1.735	1.672	3.886	4.904	0.32	3.636	3.674	3.98	2.871	0.23	0.614	0.54	4.014	3.889	2.646	4.156	6.557	5.659	4.681	6.216	7.284	5.991	6.548	7.628	6.924	7.016	6.547	4.684	3.924	1.899	2.915	0.937	0.008	0.864	0.814	0.725	0.091	1.904	3.316	1.946	3.868	2.998	2.627	6.029	4.311	6.155	9.163	8.376	7.531	6.912	8.345	7.353	7.62	5.787	5.8	6.817	5.58	3.679	5.039	5.187	3.293	2.553	3.332	3.22	2.037	1.451	2.532	1.669	0.13	1.307	1.854	0.402	0.599	1.272	1.142	1.997	1.232	0.669	0.535	0.361	0.208	0.357	1.477	2.161	1.255	2.373	3.826	3.392	3.681	4.948	5.564	7.267	9.11	1.09	
6	0.014	0.0	0.072	0.084	0.0	0.458	0.094	0.406	0.362	0.873	0.441	0.573	0.283	0.119	1.56	0.214	1.329	0.682	0.238	0.617	1.184	0.02	0.8	0.839	0.291	0.296	1.224	0.644	0.355	0.658	0.311	1.347	4.945	2.149	1.619	3.345	0.025	0.038	0.495	0.383	1.91	2.622	0.937	3.531	3.355	3.909	5.506	5.888	6.17	7.825	8.296	8.021	9.064	9.512	9.495	9.799	10.347	10.167	10.869	10.502	10.38	9.216	9.625	7.995	7.176	8.03	5.409	5.417	6.064	4.139	2.772	3.053	2.07	0.413	0.859	1.15	2.439	0.41	0.843	4.543	4.822	2.873	1.161	1.393	0.826	2.868	4.14	6.733	3.162	2.899	5.499	5.435	3.963	5.285	6.815	6.179	5.491	7.174	7.924	6.384	7.046	8.798	8.892	7.783	8.754	10.533	9.114	9.386	9.462	10.412	7.354	8.434	8.457	7.022	7.53	7.417	5.819	5.849	6.229	4.927	4.136	4.45	3.952	2.979	2.908	2.241	1.834	2.279	2.233	2.149	2.025	1.434	2.168	5.444	4.494	0.754	2.395	0.523	2.736	1.178	2.476	0.497	2.052	2.467	0.731	0.006	0.607	1.104	0.158	0.268	1.072	0.595	0.194	0.436	0.146	0.019	0.057	0.351	0.227	0.137	0.131	0.004	0.121	0.185	0.148	0.42	0.369	0.179	0.711	0.842	0.817	0.098	0.968	0.452	0.992	3.065	2.028	1.833	6.994	6.628	4.357	7.564	7.583	8.151	6.67	4.156	5.014	3.32	0.043	0.255	1.02	0.849	3.376	2.148	1.6	3.636	4.381	3.064	4.1	5.391	4.388	4.745	3.763	1.603	1.008	1.134	0.503	2.317	3.364	2.728	4.166	4.163	3.568	5.453	6.526	5.393	6.837	6.036	5.783	8.726	7.037	8.743	11.252	10.123	9.584	8.24	10.189	9.449	9.306	7.353	8.069	9.085	7.463	5.888	7.806	7.468	5.356	5.044	6.016	5.476	4.247	4.196	5.127	3.919	2.504	4.051	4.338	2.682	1.573	0.779	1.387	0.197	0.61	1.554	1.326	2.486	2.178	1.802	3.436	4.466	3.79	4.485	5.88	5.872	6.162	6.851	7.472	9.677	11.504	4.387	
8	0.411	0.149	0.309	0.012	0.458	0.0	0.08	0.027	0.279	0.34	0.343	0.156	0.238	0.775	0.986	0.788	0.264	0.448	0.887	0.56	0.085	1.293	0.592	0.615	1.083	1.079	0.286	0.875	1.163	0.978	1.186	0.311	6.332	4.707	4.709	5.67	3.576	3.556	2.764	4.131	1.775	0.756	3.197	0.028	0.077	0.039	2.147	3.179	3.667	5.442	6.093	6.535	8.154	8.15	8.462	9.424	9.919	9.729	9.719	8.667	8.29	7.047	6.736	4.738	3.919	4.395	1.611	1.661	2.071	0.018	1.213	0.86	1.762	3.388	2.986	4.565	6.051	4.156	4.193	7.711	8.318	6.023	2.429	1.574	2.771	0.394	1.264	3.365	0.685	0.429	2.292	1.83	0.296	2.02	3.565	2.566	2.071	4.1	4.72	2.874	3.966	5.933	5.648	4.531	5.917	7.86	6.218	7.186	7.108	8.622	5.715	6.309	6.106	4.869	4.95	4.808	3.458	3.245	3.316	2.151	1.502	1.594	0.875	0.012	0.122	0.718	1.325	0.659	0.645	0.945	1.224	0.786	0.312	2.432	1.701	2.207	4.862	3.212	0.006	1.29	3.995	1.532	3.12	1.053	0.537	1.21	0.596	0.197	1.045	0.829	0.127	0.57	0.902	0.666	0.801	0.911	0.724	1.016	0.814	0.454	0.408	0.619	0.567	0.539	0.25	0.356	0.45	0.492	0.314	0.437	1.14	0.328	0.271	0.098	0.66	3.556	3.459	0.282	4.371	5.609	0.555	3.459	3.316	4.774	2.737	0.477	1.046	1.098	4.935	4.316	3.247	5.303	7.666	6.361	5.647	7.45	8.233	6.775	7.611	8.679	7.695	7.853	7.209	5.231	4.81	2.708	3.44	1.68	0.585	1.087	0.474	0.7	0.212	2.074	3.371	2.701	4.289	3.678	3.82	6.673	5.353	7.682	10.159	8.821	7.411	6.332	7.658	6.403	6.546	4.17	4.356	5.803	4.202	2.085	3.872	4.094	1.828	1.101	2.306	1.977	0.495	0.188	1.407	0.302	1.385	0.13	0.698	0.872	1.783	2.267	2.362	3.417	2.776	2.067	2.196	1.271	1.602	1.875	0.285	0.619	0.073	0.722	2.046	2.078	2.355	3.127	4.102	5.883	7.287	0.613	
9	0.381	0.197	0.123	0.296	0.094	0.08	0.0	0.055	0.123	0.633	0.111	0.268	0.098	0.193	1.29	0.091	0.849	0.214	0.114	0.185	0.639	0.411	0.217	0.215	0.166	0.21	0.585	0.041	0.128	0.024	0.21	0.436	5.403	3.256	2.319	3.696	1.014	0.493	0.184	1.193	1.315	2.45	0.084	3.261	3.359	3.772	5.512	6.246	6.838	8.529	8.843	8.81	10.08	10.349	10.257	10.582	11.106	10.926	11.411	10.706	10.81	9.706	9.452	8.153	7.074	7.365	4.83	4.611	4.799	2.791	1.608	1.657	0.264	1.094	0.691	3.093	4.084	2.248	2.885	6.349	6.49	4.359	0.273	0.295	0.368	1.984	3.435	5.996	2.12	1.982	4.828	4.683	2.95	4.508	6.265	5.389	4.592	6.596	7.448	5.558	6.312	8.35	8.365	6.942	8.132	10.133	8.321	9.15	9.391	10.507	7.742	8.592	8.477	7.339	7.567	7.448	6.094	5.999	6.117	4.948	4.292	4.389	3.704	2.9	2.912	1.999	1.476	2.13	2.032	1.706	1.602	1.256	1.988	5.033	4.217	0.58	2.34	0.583	2.448	0.928	2.538	0.141	2.155	1.982	0.443	0.313	0.208	0.744	0.213	0.131	0.592	0.239	0.174	0.043	0.169	0.33	0.389	0.706	0.53	0.056	0.058	0.247	0.295	0.123	0.218	0.144	0.165	0.326	0.37	0.13	0.266	0.758	0.576	0.711	0.151	1.388	3.694	3.082	6.857	7.078	4.381	6.514	6.549	8.467	6.054	2.524	4.752	2.058	2.001	1.008	0.274	2.927	5.415	3.553	3.211	5.661	6.046	4.467	5.772	7.063	5.766	6.142	4.985	2.708	2.499	0.128	0.622	1.033	2.38	1.977	3.417	3.729	3.358	5.178	6.279	5.621	6.94	6.306	6.352	9.051	7.618	9.561	11.811	10.402	9.475	7.86	9.627	8.613	8.424	5.952	6.708	8.163	6.228	4.294	6.575	6.416	3.92	3.483	4.89	4.23	2.65	2.733	3.915	2.498	0.842	2.665	3.083	1.266	0.126	0.49	0.197	2.062	1.296	0.188	0.819	0.486	0.389	0.323	1.214	2.573	1.914	2.196	3.713	4.194	4.287	4.548	5.753	8.042	9.409	1.852	
10	0.007	0.344	0.347	0.214	0.406	0.027	0.055	0.0	0.073	0.411	0.081	0.207	0.155	0.676	1.112	0.093	0.992	0.427	0.062	0.371	0.906	0.073	0.617	0.67	0.238	0.213	1.075	0.595	0.405	0.689	0.4	1.666	5.079	1.636	1.487	3.452	0.666	0.213	0.732	0.255	2.11	3.275	1.574	4.356	4.939	5.768	6.562	7.223	8.285	9.53	9.279	9.41	10.736	10.456	10.461	10.855	11.021	10.848	11.2	10.38	10.687	9.699	9.3	8.719	7.347	7.613	5.877	5.21	5.723	4.357	2.632	2.473	2.083	0.302	0.191	1.566	3.196	1.415	1.69	5.411	5.986	4.042	0.114	0.391	0.42	1.716	3.174	5.846	1.943	1.716	4.598	4.575	2.829	4.241	6.03	5.249	4.368	6.262	7.149	5.357	5.957	7.863	8.012	6.613	7.657	9.547	7.885	8.872	9.015	10.089	7.46	8.173	8.157	7.068	7.277	7.34	6.019	5.728	5.971	5.034	4.218	4.183	3.73	2.993	2.736	1.911	1.464	2.062	1.965	1.687	1.884	0.977	2.091	5.35	4.529	1.105	2.019	0.158	2.865	1.348	2.572	0.597	2.195	2.269	0.61	0.066	0.4	0.935	0.098	0.116	0.854	0.469	0.164	0.312	0.037	0.056	0.292	0.422	0.552	0.037	0.077	0.203	0.132	0.078	0.118	0.244	0.046	0.041	0.2	0.024	0.467	0.515	0.347	0.521	0.195	1.289	3.635	3.567	7.604	7.314	5.62	8.118	7.994	9.347	7.168	4.921	6.613	3.924	1.306	1.22	1.306	0.797	3.475	2.273	2.1	4.384	5.132	3.713	4.995	6.52	5.312	5.683	4.53	2.151	1.61	0.383	0.339	1.978	2.791	2.912	4.034	4.086	3.949	5.827	6.457	6.167	7.052	6.367	6.62	8.899	7.482	9.692	11.66	10.172	9.016	7.465	9.293	8.324	8.132	5.808	6.59	7.89	6.051	4.394	6.596	6.246	3.908	3.652	4.899	4.119	2.674	2.909	3.791	2.415	0.887	2.7	2.904	1.269	0.413	0.288	0.24	1.345	0.637	0.35	0.169	1.25	1.148	0.963	2.287	3.374	3.136	3.653	4.702	5.05	5.5	5.732	6.506	8.588	9.993	3.564	
11	0.531	0.129	0.267	0.459	0.362	0.279	0.123	0.073	0.0	0.341	0.219	0.083	0.113	0.853	1.208	0.411	0.719	0.111	0.286	0.009	0.516	0.514	0.176	0.197	0.226	0.22	0.58	0.092	0.147	0.127	0.091	1.336	5.582	2.733	3.471	4.985	1.502	2.33	1.689	2.915	0.544	0.812	1.328	1.822	2.652	3.176	4.134	5.319	6.708	7.793	7.54	8.29	9.961	9.134	9.477	10.354	10.197	10.08	9.929	8.709	8.851	7.826	7.007	6.219	4.842	4.945	3.172	2.534	3.026	1.628	0.087	0.124	0.233	2.098	2.284	3.434	5.41	3.688	3.472	7.095	8.105	5.929	2.233	1.516	2.92	0.628	1.147	3.365	0.893	0.672	2.237	1.876	0.174	1.851	3.569	2.553	1.879	3.944	4.678	2.757	3.671	5.629	5.498	4.203	5.488	7.4	5.699	7.099	7.065	8.516	5.98	6.329	6.209	5.228	5.159	5.262	4.101	3.58	3.674	2.887	2.115	1.919	1.387	0.71	0.529	0.34	0.926	0.211	0.213	0.597	0.495	0.616	0.334	3.219	2.548	1.025	3.828	2.107	0.971	0.319	3.505	0.598	2.69	1.729	0.095	0.529	0.024	0.426	0.287	0.2	0.507	0.107	0.117	0.01	0.147	0.222	0.218	0.329	0.632	0.032	0.033	0.297	0.055	0.165	0.192	0.153	0.266	0.658	0.165	0.227	1.184	0.342	0.089	0.033	0.237	2.39	4.01	1.955	5.64	6.41	2.779	5.371	5.156	6.787	4.374	1.869	3.843	0.924	1.876	1.885	1.583	3.574	6.176	5.193	4.747	6.625	7.667	6.174	7.109	8.453	7.429	7.539	6.824	4.659	4.071	2.249	2.39	0.73	0.053	0.213	1.402	1.517	1.465	3.349	4.062	4.155	5.059	4.482	5.058	7.141	5.97	8.657	10.511	8.955	7.183	5.923	7.346	6.088	6.133	3.673	4.029	5.497	3.799	1.866	3.811	3.848	1.542	0.999	2.268	1.7	0.183	0.154	1.163	0.031	1.696	0.026	0.363	1.092	1.704	2.192	2.186	3.127	2.574	1.884	1.785	0.996	1.202	1.131	0.169	1.0	0.774	1.534	2.451	2.655	3.196	3.644	4.459	6.172	7.406	0.578	
13	0.305	0.621	0.751	0.293	0.873	0.34	0.633	0.411	0.341	0.0	0.191	0.203	0.472	0.807	0.799	0.482	0.364	0.009	0.231	0.163	0.302	0.476	0.046	0.054	0.133	0.319	0.403	0.062	0.022	0.082	0.089	0.668	5.636	2.633	1.798	3.513	0.156	0.447	1.159	0.436	2.215	4.033	1.721	5.107	6.363	7.389	7.607	8.603	10.21	11.05	10.368	10.777	12.035	11.361	11.424	11.727	11.628	11.582	11.539	10.619	10.979	10.448	9.294	9.418	7.756	7.241	6.025	4.832	4.766	3.54	1.916	1.289	0.513	0.945	1.266	3.649	4.922	3.373	3.995	7.508	7.84	5.727	1.375	0.81	1.592	0.885	2.505	5.307	1.062	0.856	4.09	4.089	1.946	3.579	5.72	4.683	3.577	5.836	6.91	4.705	5.307	7.542	7.674	5.869	7.105	9.229	7.155	8.754	9.101	10.305	8.147	8.616	8.435	7.799	7.678	7.76	6.809	6.349	6.281	5.599	4.938	4.572	3.94	3.497	3.245	2.073	1.53	2.413	2.186	1.578	1.955	1.02	2.324	5.397	4.76	1.584	1.317	0.435	3.103	1.61	2.317	0.638	2.031	1.896	0.507	0.129	0.163	0.712	0.072	0.067	0.458	0.242	0.04	0.187	0.117	0.082	0.632	0.558	0.462	0.071	0.314	0.232	0.335	0.42	0.692	1.234	0.928	0.87	1.292	1.141	0.463	1.588	1.78	1.76	1.438	0.889	5.014	5.344	7.709	7.354	6.506	7.476	6.994	10.028	7.144	4.11	7.848	3.548	0.522	1.144	0.694	2.555	5.451	3.258	3.581	6.665	6.859	5.055	6.845	8.463	6.758	7.228	5.701	3.04	3.032	0.719	0.355	1.01	2.163	2.831	3.762	4.194	4.509	6.232	6.667	7.132	7.581	7.147	7.808	9.537	8.484	10.828	12.277	10.528	8.963	7.092	8.751	7.492	7.231	4.404	5.27	7.002	4.807	2.849	5.474	5.232	2.458	2.118	3.882	2.873	1.013	1.502	2.627	0.944	0.856	1.346	1.645	0.207	1.135	1.701	1.403	3.471	2.744	1.513	2.169	0.843	0.673	1.242	0.014	1.495	1.353	1.379	2.557	3.491	3.745	3.498	4.841	6.964	8.024	1.767	
14	0.372	0.273	0.264	0.524	0.441	0.343	0.111	0.081	0.219	0.191	0.0	0.142	0.128	0.758	1.047	0.051	1.086	0.446	0.232	0.538	0.943	0.174	0.782	0.745	0.44	0.46	1.199	0.756	0.691	0.973	0.803	2.434	4.811	0.837	1.438	3.514	1.24	0.208	0.769	0.409	1.959	3.699	1.945	4.832	6.502	7.257	6.995	8.201	9.997	10.217	9.521	10.259	11.484	10.437	10.788	11.23	10.792	10.85	10.628	9.529	9.921	9.341	8.166	8.345	6.742	6.384	5.57	4.345	4.638	3.835	1.951	1.39	1.663	0.11	0.862	2.054	4.163	2.722	2.644	6.265	7.372	5.317	1.309	0.779	2.061	0.203	1.982	4.514	0.154	0.168	3.31	3.174	1.188	2.786	4.761	3.724	2.769	4.897	5.802	3.751	4.413	6.418	6.473	4.899	6.084	7.995	6.155	7.9	7.975	9.259	7.135	7.433	7.347	6.686	6.547	6.776	5.834	5.19	5.262	4.772	3.979	3.545	3.135	2.701	2.265	1.286	0.761	1.559	1.444	0.936	1.456	0.459	1.919	5.04	4.403	1.27	1.726	0.065	2.857	1.456	2.574	0.709	2.19	2.224	0.639	0.035	0.34	0.956	0.191	0.072	0.848	0.573	0.279	0.319	0.165	0.014	0.115	0.235	0.823	0.259	0.072	0.257	0.328	0.189	0.016	0.834	0.266	0.174	0.547	0.544	0.502	0.506	0.956	0.92	0.906	0.221	4.843	4.455	7.299	7.193	5.743	7.377	6.713	8.952	6.556	4.493	7.322	3.756	2.239	2.023	1.157	1.097	3.756	2.797	2.984	5.343	6.383	4.742	6.094	7.89	6.598	6.79	5.632	3.079	2.573	0.825	0.234	1.142	1.653	2.646	3.374	3.543	3.936	5.622	5.821	6.468	6.73	6.275	7.074	8.507	7.467	10.104	11.405	9.729	7.826	6.249	7.857	6.578	6.494	3.86	4.487	6.084	4.189	2.391	4.663	4.508	2.042	1.705	3.209	2.325	0.664	1.052	1.945	0.516	1.174	0.809	1.031	0.473	0.978	1.503	1.299	2.603	2.049	1.158	1.196	0.312	0.262	0.178	0.807	1.83	1.974	2.37	3.068	3.653	4.172	4.147	5.081	6.781	7.791	2.011	
15	0.496	0.214	0.37	0.28	0.573	0.156	0.268	0.207	0.083	0.203	0.142	0.0	0.141	0.642	1.097	0.563	0.274	0.294	0.424	0.283	0.021	0.706	0.257	0.301	0.433	0.477	0.111	0.282	0.318	0.211	0.246	0.994	5.815	3.287	4.115	5.398	2.17	2.824	2.096	4.01	1.315	0.854	2.199	1.769	3.771	3.892	4.258	6.356	8.734	8.493	7.975	9.596	11.095	9.387	10.166	11.121	10.283	10.463	9.595	8.211	8.247	7.772	6.065	5.778	4.265	3.64	2.362	1.328	1.456	0.273	1.485	1.799	1.731	3.546	4.075	5.048	7.197	5.743	5.403	8.809	10.077	7.693	4.195	3.056	4.778	2.224	0.107	1.941	2.798	2.272	0.94	0.381	1.591	0.405	2.356	0.968	0.271	2.703	3.46	1.185	2.249	4.44	4.15	2.626	4.156	6.195	4.207	6.406	6.367	8.118	6.195	6.111	5.782	5.367	4.827	4.962	4.31	3.478	3.198	2.78	2.194	1.554	0.831	0.481	0.315	0.872	1.668	0.636	0.65	1.402	1.123	1.029	0.128	2.723	2.295	0.991	3.498	1.913	0.79	0.408	3.436	0.756	2.594	1.361	0.007	0.618	0.295	0.223	0.396	0.411	0.141	0.007	0.144	0.18	0.086	0.154	0.044	0.051	0.581	0.498	0.404	0.232	0.66	0.448	0.209	0.976	0.439	0.083	0.579	0.663	0.579	0.336	0.959	0.87	0.779	0.587	5.357	3.313	5.374	6.2	2.976	4.298	3.618	6.197	3.344	0.565	3.78	0.306	2.999	2.969	2.95	5.321	8.179	7.089	6.657	8.645	9.893	8.074	8.991	10.381	9.299	9.243	8.549	6.297	5.929	4.043	3.9	2.368	1.612	0.738	0.328	0.781	1.211	2.88	3.425	4.51	4.903	4.703	5.932	7.155	6.534	9.581	10.659	8.877	6.336	4.973	6.109	4.463	4.601	1.74	1.944	3.771	1.941	0.253	1.784	2.095	0.449	1.176	0.434	0.193	2.033	1.998	0.8	2.092	4.012	2.169	1.623	3.068	3.526	3.829	4.248	5.093	4.619	3.943	3.911	3.16	3.202	3.099	2.0	1.064	1.073	0.493	0.284	0.832	1.379	1.537	2.673	4.119	5.016	1.305	
16	0.519	0.086	0.125	0.275	0.283	0.238	0.098	0.155	0.113	0.472	0.128	0.141	0.0	0.227	0.772	0.485	0.046	0.13	0.067	0.248	0.032	0.443	0.292	0.226	0.098	0.354	0.141	0.109	0.029	0.111	0.099	0.274	5.732	3.715	2.947	4.038	1.473	0.692	0.335	2.411	0.593	3.534	0.492	4.266	7.05	7.325	6.862	9.335	12.032	11.004	10.232	11.746	12.554	10.84	11.676	12.102	11.093	11.42	10.394	9.407	9.21	9.564	7.361	7.532	6.139	4.671	3.704	2.371	1.651	0.274	0.963	1.674	2.673	3.966	4.287	6.446	7.805	6.407	6.749	9.915	10.487	8.023	4.095	2.756	4.073	1.09	1.006	3.479	1.497	1.215	2.393	2.001	0.522	1.637	4.033	2.372	1.312	4.12	5.138	2.336	3.314	5.903	5.612	3.552	5.254	7.554	5.029	7.508	7.843	9.547	8.017	8.012	7.532	7.602	6.917	7.008	6.7	5.903	5.354	5.101	4.731	3.868	2.931	2.922	2.787	1.195	0.38	1.74	1.492	0.427	0.934	0.68	2.032	4.614	4.266	1.215	1.224	0.293	2.664	1.35	2.031	0.447	1.615	1.761	0.714	0.037	0.184	0.803	0.103	0.019	0.371	0.445	0.261	0.256	0.256	0.171	0.256	0.15	0.229	0.649	0.504	0.226	0.67	0.692	0.482	1.227	0.876	0.393	0.882	1.118	0.029	0.943	1.589	1.521	1.367	1.197	5.75	5.096	5.772	5.901	4.539	4.193	2.98	7.244	4.142	0.172	6.035	0.073	3.794	2.048	2.52	6.608	9.991	6.795	6.996	10.035	10.219	7.942	9.625	10.963	9.143	9.375	8.07	5.467	5.969	3.448	3.058	1.917	0.38	0.73	1.62	2.707	3.581	4.832	5.282	6.921	6.809	6.945	8.334	9.057	8.686	11.341	11.962	10.049	7.519	5.582	6.821	4.958	4.996	1.643	2.089	4.416	2.149	0.33	2.303	2.681	0.384	1.143	1.128	0.23	2.053	1.65	0.084	1.807	3.967	1.594	0.952	2.78	3.573	3.844	4.33	6.065	5.476	4.411	5.138	3.958	3.789	4.354	3.206	1.726	1.907	1.891	0.767	0.319	0.42	0.209	1.921	3.546	4.282	1.855	
17	0.781	0.259	0.368	0.934	0.119	0.775	0.193	0.676	0.853	0.807	0.758	0.642	0.227	0.0	0.371	0.925	1.006	0.352	0.866	1.138	1.005	0.909	1.149	0.895	1.02	1.061	1.488	1.083	1.412	1.504	1.563	2.688	3.993	0.056	0.531	1.576	3.364	3.121	3.852	2.271	4.815	7.165	5.488	8.224	10.557	11.186	9.864	11.264	12.777	11.846	11.398	12.155	12.42	11.347	12.074	11.973	11.128	11.589	10.926	10.264	10.334	10.723	9.089	9.855	8.572	7.382	7.551	5.854	5.32	4.916	3.496	2.191	2.012	0.956	0.297	2.398	4.017	2.977	3.57	7.005	7.726	5.488	0.998	0.275	1.312	1.301	3.203	6.079	1.366	1.239	4.821	4.845	2.292	4.032	6.434	5.114	3.788	6.247	7.324	4.811	5.353	7.612	7.616	5.587	6.909	8.901	6.627	8.879	9.104	10.373	8.83	9.124	8.909	8.835	8.545	8.79	8.252	7.592	7.473	7.306	6.672	5.963	5.508	5.461	4.898	3.614	3.107	4.166	3.84	3.031	3.862	2.325	4.097	7.183	6.596	3.801	0.846	2.512	4.923	3.401	1.169	1.895	1.391	2.459	1.271	0.375	0.524	1.486	0.577	0.121	0.842	1.037	0.501	0.292	0.499	0.025	0.035	0.211	0.936	0.47	0.04	0.465	0.378	0.497	0.011	1.22	0.685	0.034	0.83	1.167	0.017	0.918	1.727	1.677	1.834	1.967	5.68	6.658	7.855	6.97	7.723	7.531	6.029	9.683	7.677	5.112	10.092	5.636	4.686	5.9	3.442	0.23	3.042	0.943	2.187	5.984	6.53	4.1	6.344	8.778	6.648	6.929	4.951	1.747	1.913	0.239	1.709	2.511	3.337	5.17	5.312	5.931	6.895	8.016	7.829	9.042	8.649	8.581	9.511	10.207	9.483	11.759	12.376	10.72	8.535	6.548	8.246	6.685	6.624	3.504	4.299	6.417	4.207	2.207	5.016	4.973	2.061	1.755	3.926	2.713	0.585	1.472	2.604	0.741	1.226	1.345	1.6	0.192	0.823	1.267	1.155	3.399	2.731	1.393	2.178	0.878	0.413	0.89	0.146	1.447	1.735	1.336	2.162	3.429	3.502	2.9	4.439	6.073	6.668	1.562	
18	0.797	1.391	1.461	0.805	1.56	0.986	1.29	1.112	1.208	0.799	1.047	1.097	0.772	0.371	0.0	0.003	0.095	0.054	0.305	0.149	0.158	0.098	0.115	0.126	0.129	0.095	0.271	0.178	0.394	0.381	0.523	2.203	5.438	1.062	2.164	4.175	1.066	0.179	0.526	1.154	1.44	4.125	2.065	5.226	8.345	8.403	7.334	9.321	11.722	10.723	9.94	11.436	12.448	10.855	11.572	12.196	11.365	11.662	10.811	9.426	9.763	9.46	7.528	8.121	6.346	5.359	5.092	3.341	3.406	2.968	0.873	0.139	0.669	1.115	2.603	3.356	5.992	4.967	4.647	8.199	9.956	7.716	3.868	3.144	4.599	2.347	0.13	2.265	2.49	2.118	1.364	1.122	1.035	0.851	3.1	1.827	0.878	3.331	4.338	2.106	2.852	5.06	5.116	3.406	4.749	6.815	4.9	7.425	7.442	9.021	7.474	7.243	6.969	6.774	6.116	6.418	5.983	4.908	4.6	4.59	3.888	2.88	2.356	2.295	1.683	0.362	0.36	0.687	0.491	0.45	0.324	0.823	1.153	3.899	3.574	0.95	1.682	0.136	2.17	0.994	3.157	0.23	2.651	1.354	0.218	0.247	0.324	0.406	0.171	0.057	0.293	0.528	0.762	0.714	0.797	1.042	0.783	1.018	0.557	1.439	1.438	1.294	1.673	1.532	1.363	2.161	1.672	1.171	1.827	1.935	0.806	1.77	2.34	2.297	2.271	1.64	6.471	5.961	7.603	7.578	6.307	6.945	5.976	8.679	5.936	3.882	7.562	3.185	2.58	2.559	0.535	1.819	4.25	3.996	4.64	7.043	8.885	6.988	8.288	10.535	9.506	9.391	8.101	5.157	4.621	2.966	1.568	0.407	0.071	2.019	2.414	2.79	3.875	5.333	5.215	6.952	6.667	6.523	7.994	8.606	8.095	11.118	11.802	9.931	7.317	5.837	6.986	5.406	5.302	2.438	2.905	4.585	2.571	0.628	2.819	2.775	0.134	0.373	1.283	0.273	1.691	1.302	0.382	1.905	3.883	1.851	1.539	2.988	3.295	3.779	3.764	4.911	4.34	3.482	3.311	2.462	2.194	1.874	1.096	0.01	0.516	0.853	1.371	2.281	2.986	2.74	3.855	5.372	6.352	1.169	
20	0.929	0.242	0.035	0.781	0.214	0.788	0.091	0.093	0.411	0.482	0.051	0.563	0.485	0.925	0.003	0.0	0.048	0.202	0.099	0.172	0.189	0.028	0.064	0.035	0.206	0.053	0.457	0.153	0.478	0.356	0.459	1.053	5.197	2.432	1.846	3.158	0.325	0.888	2.262	1.132	1.794	5.835	1.955	6.041	10.833	8.437	7.143	10.255	11.812	9.113	9.173	10.993	10.641	9.052	10.441	10.513	9.183	9.993	8.486	7.65	7.338	8.188	5.737	6.373	5.336	3.421	3.577	1.839	0.928	0.336	0.974	2.209	2.301	3.543	4.767	6.099	8.172	7.167	7.074	10.014	11.249	8.666	5.094	3.389	5.168	1.972	0.392	2.841	2.696	2.256	1.646	1.178	1.736	0.559	3.156	1.141	0.023	2.936	3.882	0.89	1.822	4.346	3.955	1.825	3.536	5.638	3.131	6.175	6.276	8.019	7.165	6.984	6.425	7.121	6.232	6.414	6.654	5.697	5.019	5.354	5.163	3.859	3.052	3.659	3.223	1.392	0.603	2.377	1.964	0.591	1.804	1.059	2.998	5.606	5.5	2.864	0.487	1.977	3.989	2.716	1.079	1.451	0.901	2.005	1.033	0.311	0.432	1.103	0.158	0.04	0.307	0.447	0.008	0.046	0.267	0.434	1.01	0.966	1.14	0.342	0.548	0.503	0.1	0.03	0.355	0.933	0.334	0.112	0.781	0.989	0.33	0.797	1.782	1.573	1.659	1.911	5.559	5.679	5.454	5.111	5.028	3.843	2.198	5.937	3.462	0.571	6.034	0.675	0.673	1.113	1.492	5.249	8.119	6.787	7.361	10.129	11.548	8.77	10.213	11.509	9.846	9.857	8.667	5.836	6.549	4.135	2.863	2.176	0.89	1.425	1.535	2.899	4.573	4.915	4.8	7.116	6.21	6.804	8.423	8.084	8.118	10.543	10.405	8.673	5.63	3.793	4.979	2.953	3.116	0.256	0.092	2.464	0.327	2.018	0.493	1.001	1.996	2.754	0.334	1.316	3.717	3.136	1.591	3.319	5.58	3.058	2.382	4.009	4.437	4.548	5.41	6.721	6.29	5.409	5.871	4.953	4.64	4.781	4.067	2.754	2.44	2.497	1.86	0.624	0.352	0.807	0.824	1.941	2.444	2.277	
21	0.294	1.011	1.234	0.295	1.329	0.264	0.849	0.992	0.719	0.364	1.086	0.274	0.046	1.006	0.095	0.048	0.0	0.291	0.145	0.223	0.096	0.078	0.037	0.066	0.199	0.124	0.391	0.309	0.516	0.487	0.538	2.252	5.383	0.277	1.102	3.263	2.616	1.447	2.587	0.551	2.468	5.828	4.075	6.223	10.075	8.896	7.325	9.625	11.498	9.553	9.045	10.675	10.982	9.411	10.361	10.676	9.692	10.253	9.083	7.829	8.108	8.304	6.037	7.121	5.569	4.06	4.656	2.6	2.296	2.41	0.579	0.971	0.231	1.086	3.288	3.584	6.414	5.969	5.464	8.565	10.785	8.561	4.914	3.939	5.64	3.134	0.821	1.705	3.441	3.134	0.612	0.422	2.166	0.246	2.24	0.697	0.465	2.123	3.157	0.709	1.321	3.559	3.6	1.686	3.026	5.028	2.984	5.955	5.969	7.52	6.589	6.252	5.87	6.272	5.426	5.748	5.816	4.705	4.213	4.642	4.218	2.86	2.382	2.93	2.15	0.538	0.094	1.414	1.005	0.252	1.395	0.381	2.258	5.192	5.232	3.059	0.488	2.135	4.016	2.883	1.697	1.813	1.295	1.904	0.704	0.4	0.418	0.841	0.262	0.226	0.455	0.365	0.419	0.688	0.006	0.283	0.28	0.218	0.415	0.269	0.223	0.398	0.857	0.579	0.443	1.62	0.984	0.686	1.603	1.609	0.403	1.676	2.48	2.279	2.324	2.301	5.939	6.339	6.847	6.323	6.436	5.922	4.469	7.409	4.974	3.284	7.34	3.11	3.7	4.89	1.286	1.192	2.181	2.556	4.619	6.913	9.149	7.3	8.826	11.097	10.265	9.979	8.508	5.141	5.043	3.57	1.093	0.738	0.521	2.439	2.111	2.82	4.49	5.14	4.618	6.859	5.961	6.216	7.855	7.651	7.517	10.264	10.326	8.471	5.584	3.981	5.092	3.393	3.285	0.315	0.834	2.634	0.583	1.267	1.008	1.006	1.681	2.112	0.215	1.395	3.492	2.803	1.883	3.526	5.55	3.267	2.971	4.354	4.424	4.728	4.964	5.97	5.582	4.776	4.591	3.905	3.422	2.956	2.588	1.502	0.65	0.563	0.356	0.805	1.49	0.955	2.152	3.338	4.076	0.009	
22	0.658	0.259	0.505	0.503	0.682	0.448	0.214	0.427	0.111	0.009	0.446	0.294	0.13	0.352	0.054	0.202	0.291	0.0	0.161	0.0	0.279	0.163	0.208	0.122	0.114	0.055	0.571	0.316	0.399	0.537	0.6	2.811	5.061	1.052	3.501	5.236	0.26	2.199	1.469	3.61	1.236	1.984	0.539	2.532	6.301	5.127	4.161	6.782	8.948	7.182	6.748	8.82	9.307	7.604	8.79	9.405	8.208	8.902	7.5	5.981	6.247	6.125	3.836	4.558	2.894	1.701	1.819	0.053	0.17	0.048	2.025	2.994	1.49	3.186	5.017	4.512	7.522	6.969	5.854	8.647	11.197	9.039	6.248	4.932	7.348	4.974	2.427	0.751	5.898	4.987	1.586	2.3	4.371	2.299	0.235	1.829	2.517	0.018	0.687	1.548	0.602	1.448	1.235	0.304	1.139	2.988	1.157	4.214	3.933	5.739	4.733	4.14	3.735	4.019	3.03	3.341	3.386	2.12	1.584	1.944	1.525	0.185	0.389	0.085	0.627	2.047	2.947	1.573	1.589	2.769	1.634	2.091	0.059	2.59	2.726	0.375	1.88	0.298	1.683	0.746	2.733	0.495	1.654	1.821	0.45	0.12	0.279	0.6	0.06	0.019	0.445	0.166	0.181	0.331	0.257	0.121	0.153	0.322	0.892	0.073	0.33	0.185	0.381	0.011	0.342	0.925	0.148	0.32	0.701	0.737	0.734	0.449	1.391	1.124	1.265	0.56	5.446	4.296	5.128	5.484	3.691	3.95	2.818	5.156	2.524	0.94	4.075	0.108	0.151	0.012	2.113	3.695	4.978	6.167	6.702	7.785	9.871	8.907	9.372	10.696	10.629	10.257	9.919	7.589	6.812	5.767	4.297	3.298	3.379	0.887	0.665	0.197	1.158	2.202	1.97	4.23	3.65	3.855	5.689	5.535	5.497	8.624	8.716	6.967	3.713	2.521	3.399	1.636	1.758	1.07	0.928	0.768	0.948	2.868	1.071	0.782	3.158	3.798	2.254	3.035	4.9	4.697	3.807	5.004	6.935	5.162	4.697	5.723	5.494	5.574	6.3	6.317	6.17	5.793	5.179	4.907	4.686	3.884	3.449	2.797	2.043	1.512	1.441	0.674	0.221	0.023	1.008	1.927	2.574	1.992	
23	1.275	0.371	0.064	0.94	0.238	0.887	0.114	0.062	0.286	0.231	0.232	0.424	0.067	0.866	0.305	0.099	0.145	0.161	0.0	0.101	0.055	0.323	0.166	0.342	0.036	0.147	0.174	0.149	0.15	0.007	0.206	1.159	5.316	3.43	4.638	5.529	2.691	3.061	1.974	6.126	2.791	1.691	3.136	1.448	6.267	3.492	2.955	6.766	8.583	5.812	6.012	8.729	8.418	6.6	8.36	8.854	7.268	8.318	6.319	5.059	4.785	5.267	2.564	2.987	1.719	0.043	0.059	1.665	1.964	2.349	4.196	5.026	3.948	5.554	7.123	6.728	9.48	8.923	7.863	10.261	12.507	10.104	7.71	5.635	8.325	5.298	2.532	1.075	6.811	5.582	1.944	3.092	5.474	2.94	0.747	2.959	3.524	0.595	0.054	2.751	1.463	0.853	0.207	1.47	0.349	2.283	0.101	3.566	3.244	5.39	4.863	4.175	3.426	4.377	3.036	3.12	3.756	2.522	1.497	1.992	2.112	0.476	0.593	0.132	0.003	1.921	3.149	1.122	1.155	2.784	1.596	1.105	0.826	2.946	3.298	0.805	0.995	0.364	2.116	1.194	1.493	0.656	0.59	1.812	0.974	0.375	0.526	1.008	0.106	0.045	0.208	0.378	0.09	0.024	0.532	0.496	0.35	0.827	1.078	0.374	0.743	0.493	0.122	0.24	0.676	0.691	0.065	0.549	0.467	0.608	0.94	0.213	1.327	1.008	1.155	0.912	5.355	4.087	3.732	4.215	2.424	1.727	0.442	3.168	0.421	1.629	2.022	2.47	2.873	3.126	4.88	6.522	7.724	9.58	9.293	9.949	11.662	11.002	11.076	11.609	11.308	11.131	11.15	9.392	9.06	7.554	6.879	5.608	5.049	2.779	2.239	1.109	0.446	0.985	1.106	3.798	3.082	3.901	6.038	5.273	5.795	8.645	8.186	6.525	2.804	1.534	2.239	0.102	0.455	2.684	2.771	0.698	2.42	4.687	2.908	2.14	4.696	5.643	3.766	4.348	6.479	6.431	5.062	6.257	8.418	6.548	5.69	6.803	6.718	6.551	7.951	7.886	7.806	7.478	7.149	6.861	6.658	6.067	5.602	4.868	4.27	3.837	3.662	2.758	2.005	2.263	0.98	0.296	0.123	4.409	
24	0.704	0.11	0.41	0.533	0.617	0.56	0.185	0.371	0.009	0.163	0.538	0.283	0.248	1.138	0.149	0.172	0.223	0.0	0.101	0.0	0.003	0.137	0.107	0.111	0.308	0.013	0.332	0.192	0.631	0.411	0.608	1.678	5.317	1.361	1.691	3.071	1.495	1.354	3.391	0.798	1.233	6.098	2.363	5.058	9.421	6.513	5.399	8.656	9.884	7.132	7.213	9.397	8.99	7.366	8.851	9.046	7.744	8.706	6.909	5.768	5.676	6.37	3.646	4.65	3.472	1.421	2.174	0.147	0.545	0.389	1.979	3.627	2.369	3.461	5.903	5.6	8.533	8.488	7.564	9.84	12.539	10.162	7.49	5.562	7.898	4.855	2.055	0.018	5.937	5.042	0.996	1.707	4.607	2.183	0.435	1.769	2.763	0.225	1.052	1.744	0.849	1.53	1.202	0.775	0.859	2.827	0.597	4.175	4.026	5.88	5.635	5.067	4.373	5.555	4.299	4.465	5.272	4.115	3.139	3.989	4.139	2.3	1.496	2.794	2.164	0.028	0.879	1.447	0.934	0.942	1.276	0.091	3.024	5.525	6.025	4.009	1.951	3.342	4.821	3.857	0.207	2.461	0.066	2.106	1.291	0.801	0.836	1.303	0.323	0.228	0.235	0.309	0.056	0.284	0.493	0.306	0.696	0.901	0.978	0.418	0.607	0.305	0.228	0.102	0.37	1.002	0.301	0.038	0.989	1.083	0.303	0.984	2.056	1.763	1.896	2.257	5.486	5.72	4.968	4.61	4.732	3.229	1.627	4.672	2.197	0.407	4.618	0.243	0.76	2.201	1.275	3.635	3.775	4.949	7.256	8.369	10.063	10.389	10.635	11.338	11.522	11.302	10.975	8.046	7.992	6.347	3.785	3.596	3.065	0.43	0.044	1.351	3.553	3.28	2.853	5.683	4.46	5.38	7.301	6.259	6.754	9.233	8.631	6.919	3.44	1.913	2.731	0.696	0.792	2.373	2.123	0.104	2.065	4.115	2.04	1.604	4.33	5.045	2.941	3.943	6.266	5.765	4.513	6.047	8.309	6.085	5.379	6.607	6.518	6.501	7.616	7.937	7.778	7.259	6.989	6.548	6.036	5.451	5.268	4.288	3.348	3.284	3.226	1.944	1.247	1.866	0.503	0.268	0.753	2.836	
25	0.147	0.774	1.046	0.067	1.184	0.085	0.639	0.906	0.516	0.302	0.943	0.021	0.032	1.005	0.158	0.189	0.096	0.279	0.055	0.003	0.0	0.055	0.142	0.022	0.175	0.042	0.406	0.314	0.552	0.608	0.755	3.494	4.767	0.735	2.018	4.008	2.174	0.06	1.063	1.14	0.335	3.992	2.01	3.99	7.857	6.307	4.95	7.488	9.322	7.283	6.828	8.822	9.076	7.471	8.596	9.01	7.941	8.714	7.235	5.689	6.104	6.145	3.633	4.857	3.181	1.648	2.461	0.344	0.306	0.726	1.275	2.786	0.74	2.055	4.682	3.606	6.786	7.04	5.71	7.926	11.227	9.416	6.891	5.739	8.155	6.04	3.333	1.607	6.792	5.871	2.305	2.862	5.064	3.066	0.81	2.394	3.224	0.721	0.11	2.066	1.358	0.662	0.665	0.983	0.322	2.146	0.387	3.783	3.517	5.209	4.674	3.931	3.493	4.131	2.974	3.336	3.742	2.366	1.681	2.452	2.174	0.454	0.012	0.803	0.044	1.703	2.521	0.884	1.129	2.642	0.688	2.213	0.924	3.583	4.186	2.586	0.451	2.01	3.434	2.718	1.671	2.079	0.732	1.867	0.592	0.557	0.626	0.687	0.133	0.192	0.143	0.032	0.151	0.48	0.367	0.019	0.232	0.412	0.696	0.036	0.234	0.086	0.629	0.211	0.056	1.331	0.532	0.191	1.296	1.287	0.146	1.195	2.202	1.901	2.058	1.862	5.764	5.537	5.683	5.546	4.974	4.445	3.062	5.458	2.949	1.812	4.986	1.24	2.309	2.806	0.35	1.784	1.699	3.174	5.311	6.02	7.453	7.999	8.661	9.785	10.769	10.54	10.004	7.166	6.327	5.833	2.982	2.75	3.216	0.283	0.159	0.408	2.311	2.811	2.156	4.856	3.812	4.211	6.17	5.474	5.669	8.633	8.361	6.572	3.231	1.999	2.766	1.03	0.991	1.794	1.52	0.039	1.738	3.43	1.648	1.548	3.897	4.384	2.853	3.872	5.779	5.347	4.698	5.983	7.908	6.117	5.78	6.684	6.183	6.234	6.852	6.692	6.671	6.314	5.483	5.345	4.841	3.8	3.77	3.114	1.942	1.602	1.824	0.808	0.184	0.295	0.677	1.459	2.068	1.484	
27	1.713	0.694	0.3	1.335	0.02	1.293	0.411	0.073	0.514	0.476	0.174	0.706	0.443	0.909	0.098	0.028	0.078	0.163	0.323	0.137	0.055	0.0	0.031	0.272	0.223	0.186	0.362	0.004	0.513	0.268	0.58	1.609	4.533	3.056	5.183	5.981	2.838	3.377	1.91	6.62	3.853	1.303	2.707	0.376	4.605	2.195	1.307	4.8	6.228	3.633	3.773	6.481	6.069	4.44	6.19	6.583	5.157	6.398	4.172	2.756	2.681	3.142	0.203	1.114	0.258	2.165	1.548	3.505	3.727	3.43	5.351	6.599	4.566	5.816	8.282	6.692	9.611	10.066	8.419	9.822	12.849	10.97	9.65	7.298	10.696	7.812	4.683	3.959	9.926	8.14	4.561	6.135	8.277	5.637	3.577	5.938	6.264	3.359	3.006	5.458	4.204	2.082	2.694	4.222	2.479	0.739	2.677	1.282	0.726	2.911	3.059	2.068	1.162	2.665	0.975	0.982	2.215	0.887	0.51	0.441	1.039	1.127	2.34	0.955	1.048	3.336	4.886	2.252	2.161	4.399	2.399	1.611	1.195	2.997	4.179	2.401	1.248	2.365	3.376	2.843	0.422	2.066	1.19	2.151	1.714	1.059	1.161	1.563	0.199	0.171	0.046	0.204	0.539	0.183	1.194	0.922	0.828	1.442	1.495	1.029	1.424	0.933	0.331	0.856	1.269	0.26	0.614	0.988	0.18	0.242	1.388	0.076	1.184	0.755	0.982	1.035	4.773	3.844	2.715	3.1	1.808	0.519	0.775	1.569	1.088	2.356	0.763	3.145	2.255	2.139	4.884	5.832	5.406	7.495	9.07	8.724	9.393	10.943	10.775	10.45	10.885	11.301	11.928	11.089	10.057	9.652	7.88	7.148	7.395	3.917	3.984	2.896	0.785	0.742	0.998	2.207	1.136	2.272	4.579	3.159	4.135	6.796	5.87	4.327	0.281	0.749	0.35	2.476	2.17	5.13	5.278	3.485	5.02	7.01	5.599	4.862	7.131	8.01	6.423	6.976	8.974	9.002	7.915	8.845	10.906	9.402	8.484	9.166	8.563	8.089	9.886	8.914	9.201	9.192	8.399	8.563	8.151	7.086	7.125	6.667	5.568	5.155	5.462	4.465	3.44	3.911	2.786	2.46	2.204	5.655	
28	0.737	0.231	0.634	0.535	0.8	0.592	0.217	0.617	0.176	0.046	0.782	0.257	0.292	1.149	0.115	0.064	0.037	0.208	0.166	0.107	0.142	0.031	0.0	0.144	0.25	0.223	0.426	0.356	0.669	0.563	0.66	3.352	4.592	0.68	2.033	3.202	2.027	0.439	2.238	1.151	0.466	3.91	1.348	2.952	6.794	4.77	3.383	6.199	7.742	5.315	5.026	7.283	7.218	5.593	6.883	7.246	6.134	7.088	5.252	3.689	4.035	4.329	1.461	2.924	1.365	0.593	0.652	1.638	1.903	1.127	2.948	4.798	2.375	3.281	6.43	4.659	7.693	8.828	7.127	8.284	12.059	10.689	9.149	7.58	10.493	8.313	5.214	3.968	9.518	8.156	4.446	5.305	7.579	5.377	3.036	4.917	5.669	2.999	2.245	4.478	3.759	1.712	1.777	3.473	2.105	0.317	2.105	1.779	1.446	3.255	3.391	2.414	1.735	3.04	1.513	1.753	2.815	1.418	0.288	1.473	1.748	0.453	1.151	0.433	0.313	2.489	3.496	1.07	1.437	3.659	0.643	2.145	1.994	4.461	6.013	4.862	3.264	4.649	5.529	5.215	0.983	3.916	1.555	2.402	1.519	1.39	1.505	1.376	0.323	0.485	0.151	0.223	0.143	0.334	0.869	0.421	0.725	1.096	1.095	0.713	0.929	0.393	0.104	0.438	0.666	0.808	0.041	0.266	0.909	0.852	0.623	0.843	1.981	1.581	1.754	1.972	5.123	5.153	4.259	4.079	3.936	2.54	1.1	3.488	0.97	0.077	3.25	0.385	1.141	1.892	1.466	2.659	1.593	2.954	6.079	6.038	6.128	8.404	9.053	8.901	10.158	11.076	11.18	8.792	7.888	8.049	4.227	4.674	5.353	1.052	1.924	1.006	1.392	1.192	0.387	3.597	2.214	3.078	5.249	3.862	4.589	7.295	6.495	4.746	1.081	0.099	0.373	1.474	1.531	4.326	4.111	2.598	4.33	5.939	4.341	4.154	6.424	6.932	5.425	6.45	8.396	7.992	7.389	8.575	10.523	8.919	8.425	9.094	8.294	8.044	9.13	8.308	8.602	8.471	7.426	7.594	6.886	5.635	5.976	5.439	3.96	3.724	4.234	3.041	1.934	2.624	1.628	1.131	0.702	3.474	
29	0.831	0.276	0.667	0.606	0.839	0.615	0.215	0.67	0.197	0.054	0.745	0.301	0.226	0.895	0.126	0.035	0.066	0.122	0.342	0.111	0.022	0.272	0.144	0.0	0.336	0.258	0.413	0.247	0.231	0.554	0.576	4.456	3.465	0.909	4.055	5.179	0.148	2.927	1.997	3.587	2.669	0.8	0.613	0.957	4.579	3.417	2.018	4.403	6.367	4.525	3.934	6.107	6.494	4.931	6.059	6.586	5.574	6.486	4.797	2.902	3.575	3.347	0.635	2.119	0.195	1.308	0.201	2.459	2.18	1.407	3.578	5.067	2.234	3.513	6.426	4.213	7.411	8.322	6.308	7.569	11.336	10.2	8.893	7.675	10.91	9.355	6.469	5.856	10.589	9.116	6.042	6.921	8.455	6.571	4.716	6.092	6.58	4.335	3.691	5.429	4.704	2.998	2.944	4.278	3.1	1.488	2.894	0.847	0.345	2.099	1.943	0.748	0.3	1.067	0.401	0.043	0.701	0.976	1.825	0.744	0.967	3.013	3.415	2.506	3.41	5.002	5.968	4.519	4.476	6.128	4.341	5.087	1.741	0.471	1.874	1.317	0.061	1.554	2.073	2.071	1.122	2.788	1.237	2.356	0.667	1.173	1.552	0.271	0.163	0.285	0.254	0.848	0.408	0.121	0.976	0.506	0.504	0.918	1.12	0.64	0.952	0.411	0.141	0.477	0.801	0.729	0.238	0.537	0.721	0.622	0.998	0.454	1.615	1.171	1.407	1.012	5.112	4.186	3.977	4.316	2.937	2.461	1.275	3.114	0.52	0.062	2.346	0.965	0.59	0.477	2.403	2.954	2.192	4.146	6.279	5.877	6.416	8.147	8.51	8.478	9.584	10.265	10.396	8.816	7.644	8.344	5.213	5.174	6.466	2.458	3.06	2.861	0.756	0.17	1.056	2.091	0.924	1.319	3.584	2.495	2.984	6.172	5.638	3.908	0.239	0.595	0.214	1.878	1.909	4.426	4.347	3.116	4.6	6.054	4.774	4.658	6.585	7.041	5.985	6.848	8.422	8.243	7.995	8.852	10.506	9.315	9.043	9.415	8.272	7.917	8.922	7.608	8.042	8.126	6.731	7.173	6.627	5.094	5.392	5.181	3.695	3.125	3.777	2.908	1.584	2.038	1.324	0.901	0.475	3.573	
